3 704.0 0.0 0 0

1 0.0 143.0 0 0
1 16.0 143.0 0 0
1 32.0 143.0 0 0
1 48.0 143.0 0 0
1 64.0 143.0 0 0
1 80.0 143.0 0 0
1 96.0 143.0 0 0
1 112.0 143.0 0 0
1 128.0 143.0 0 0
1 144.0 143.0 0 0
1 160.0 143.0 0 0
1 176.0 143.0 0 0
1 192.0 143.0 0 0
1 208.0 143.0 0 0
1 224.0 143.0 0 0
1 240.0 143.0 0 0
1 256.0 143.0 0 0
1 272.0 143.0 0 0
1 288.0 143.0 0 0
1 304.0 143.0 0 0
1 320.0 143.0 0 0
1 336.0 143.0 0 0
1 352.0 143.0 0 0
1 368.0 143.0 0 0
1 384.0 143.0 0 0
1 400.0 143.0 0 0
1 416.0 143.0 0 0
1 432.0 143.0 0 0
1 448.0 143.0 0 0
1 464.0 143.0 0 0
1 480.0 143.0 0 0
1 496.0 143.0 0 0
1 512.0 143.0 0 0
1 528.0 143.0 0 0
1 544.0 143.0 0 0
1 560.0 143.0 0 0
1 576.0 143.0 0 0
1 592.0 143.0 0 0
1 608.0 143.0 0 0
1 624.0 143.0 0 0
1 640.0 143.0 0 0
1 656.0 143.0 0 0
1 672.0 143.0 0 0
1 688.0 143.0 0 0
1 704.0 143.0 0 0
1 720.0 143.0 0 0
1 736.0 143.0 0 0
1 752.0 143.0 0 0

2 84.0 110.0 0 1
2 212.0 110.0 0 1
2 340.0 110.0 0 2
2 468.0 110.0 0 2
2 596.0 110.0 0 3