1 0.0 161.0 100 0
1 16.0 161.0 100 0
1 32.0 161.0 100 0
1 48.0 161.0 100 0
1 64.0 161.0 100 0
1 80.0 161.0 100 0
1 96.0 161.0 100 0
1 112.0 161.0 100 0
1 128.0 161.0 100 0
1 144.0 161.0 100 0
1 160.0 161.0 100 0
1 176.0 161.0 100 0
1 192.0 161.0 100 0
1 208.0 161.0 100 0
1 224.0 161.0 100 0
1 240.0 161.0 100 0
1 256.0 161.0 100 0
1 272.0 161.0 100 0
1 288.0 161.0 100 0
1 304.0 161.0 100 0
1 320.0 161.0 100 0
1 336.0 161.0 100 0
1 352.0 161.0 100 0
1 368.0 161.0 100 0
1 384.0 161.0 100 0
1 400.0 161.0 100 0
1 416.0 161.0 100 0
1 432.0 161.0 100 0
1 448.0 161.0 100 0
1 464.0 161.0 100 0
1 480.0 161.0 100 0
1 496.0 161.0 100 0
1 512.0 161.0 100 0
1 528.0 161.0 100 0
1 544.0 161.0 100 0
1 560.0 161.0 100 0
1 576.0 161.0 100 0
1 592.0 161.0 100 0
1 608.0 161.0 100 0
1 624.0 161.0 100 0
1 640.0 161.0 100 0
1 656.0 161.0 100 0
1 672.0 161.0 100 0
1 688.0 161.0 100 0
1 704.0 161.0 100 0
1 720.0 161.0 100 0
1 736.0 161.0 100 0
1 752.0 161.0 100 0
1 768.0 161.0 100 0
1 784.0 161.0 100 0
1 800.0 161.0 100 0
1 816.0 161.0 100 0
1 832.0 161.0 100 0
1 848.0 161.0 100 0
1 864.0 161.0 100 0
1 880.0 161.0 100 0
1 896.0 161.0 100 0
1 912.0 161.0 100 0
1 928.0 161.0 100 0
1 944.0 161.0 100 0
1 960.0 161.0 100 0
1 976.0 161.0 100 0
1 992.0 161.0 100 0
1 1008.0 161.0 100 0
1 1024.0 161.0 100 0
1 1040.0 161.0 100 0
1 1056.0 161.0 100 0
1 1072.0 161.0 100 0
1 1088.0 161.0 100 0
1 1104.0 161.0 100 0
1 1120.0 161.0 100 0
1 1136.0 161.0 100 0
1 1152.0 161.0 100 0
1 1168.0 161.0 100 0
1 1184.0 161.0 100 0
1 1200.0 161.0 100 0
1 1216.0 161.0 100 0
1 1232.0 161.0 100 0
1 1248.0 161.0 100 0
1 1264.0 161.0 100 0
1 1280.0 161.0 100 0
1 1296.0 161.0 100 0
1 1312.0 161.0 100 0
1 1328.0 161.0 100 0
1 1344.0 161.0 100 0
1 1360.0 161.0 100 0
1 1376.0 161.0 100 0
1 1392.0 161.0 100 0
1 1408.0 161.0 100 0
1 1424.0 161.0 100 0
1 1440.0 161.0 100 0
1 1456.0 161.0 100 0
1 1472.0 161.0 100 0
1 1488.0 161.0 100 0
1 1504.0 161.0 100 0
1 1520.0 161.0 100 0

1 688.0 97.0 100 0
1 704.0 97.0 100 0
1 720.0 97.0 100 0

1 752.0 65.0 100 0
1 768.0 65.0 100 0
1 784.0 65.0 100 0
1 800.0 65.0 100 0
1 816.0 65.0 100 0
1 832.0 65.0 100 0
1 848.0 65.0 100 0
1 864.0 65.0 100 0
1 880.0 65.0 100 0
1 896.0 65.0 100 0

1 928.0 97.0 100 0
1 944.0 97.0 100 0
1 960.0 97.0 100 0
1 976.0 97.0 100 0
1 992.0 97.0 100 0
1 1008.0 97.0 100 0

1 1392.0 65.0 100 0
1 1408.0 65.0 100 0
1 1424.0 65.0 100 0
1 1440.0 65.0 100 0
1 1456.0 65.0 100 0
1 1472.0 65.0 100 0
1 1488.0 65.0 100 0
1 1504.0 65.0 100 0
1 1520.0 65.0 100 0

4 616.0 152.0 0 0
4 679.0 57.0 0 0