1001 5 8 23 40
1002 34 7 52 39
1003 60 8 78 40

1011 213 8 231 40 
1012 188 7 206 39
1013 159 8 177 40

1021 88 15 106 47 

1022 130 15 148 47 

1031 6 140 24 172 
1032 54 140 72 172
1033 133 139 151 171

1041 324 139 342 171
1042 276 139 294 171
1043 197 138 215 170

1051 23 54 31 86
1052 0 0 1 1
1053 96 54 103 86

1061 229 54 239 86
1062 0 0 1 1
1063 158 54 165 86

1071 8 94 26 119
1072 52 98 70 123
1073 146 99 164 124

1081 310 95 328 120
1082 266 99 284 124
1083 172 100 190 125

1091 271 8 289 41

1092 301 8 319 41

1093 245 8 263 41

1094 326 8 344 41