101 1001 100

102 1011 100

201 1001 100
201 1002 100
201 1003 100

202 1011 100
202 1012 100
202 1013 100

301 1021 100

302 1022 100

401 1031 150
401 1032 150
401 1033 150

402 1041 150
402 1042 150
402 1043 150

501 1051 150
501 1052 150
501 1053 150

502 1061 150
502 1062 150
502 1063 150

601 1071 150
601 1072 150
601 1073 150

602 1081 150
602 1082 150
602 1083 150

701 1091 100
701 1002 100

702 1092 100
702 1012 100

703 1093 100
703 1002 100

704 1094 100
704 1012 100

711 1091 100

712 1092 100

713 1093 100

714 1094 100